8.63280862287801
8.42248579634942
6.32282750768772
12.434032153591
7.53603722897756
12.5680626235169
4.26411710122765
6.62712784943242
8.05734335772913
9.82695575361069
6.36148216870249
6.94530554324154
11.1882286070452
11.5138671248281
12.3164526534709
8.42186935275427
13.0692709550489
15.7530595032621
13.1580142246647
4.45947733986983
10.04928052859
11.9492944907662
11.428037642821
11.1238120369045
12.9403316146286
7.21972838935283
11.6429553202411
12.1390423127377
10.6608106420532
10.8509560051746
11.5198789611238
6.53321110828101
7.95029109293241
8.74560524177194
9.80912783195823
8.19675551280659
11.2775658653984
7.86402084099615
10.7392061391764
15.0717870684601
5.06306147434212
14.7728292818092
9.48195060797881
9.7933381336067
12.8753849689376
8.24812358168662
10.0576316386456
14.1009099922938
5.97700415415485
12.1294600920945
10.0640027084592
6.75478728377119
8.15524425584781
13.6223683055878
8.07482159931062
8.09360463705635
11.5715561433097
4.88283972222833
5.90059058464751
8.03607309891198
11.0972629458366
12.4151700083407
15.6617267343781
14.2978697511867
2.95167839070898
9.16072006288546
9.35391209567286
13.1253442402382
11.6515953612867
10.8232639808345
9.25338921252665
9.63828931644372
14.2845722706927
13.7408608198109
14.5349530277009
8.22225431546258
8.90938288001985
11.1217715784047
5.15818388862771
14.1337940761614
6.45570302677789
6.98748911422311
9.06971353082217
9.63556888952994
11.3280908657323
10.7791955887341
9.28830899565671
11.8897702974873
9.87024364259029
6.85289024768858
9.28312483971749
8.34851764241209
7.70094214181308
9.22285307187929
6.25372596319358
13.3104238624347
11.0381432935495
7.93643771388682
9.49935012592334
10.1110885816417
15.7886591606406
14.2245567225138
10.1360803902171
6.94147462087782
8.20421112577784
13.0678043132161
3.12034615374671
6.53864628320315
13.1505340316924
6.86802231463601
7.09999664244666
8.33490574220602
11.1742419228479
12.8267914374755
14.1840232384495
7.75918267337242
10.4231705777884
11.9587888269208
9.51631466823028
5.96951884164994
11.7574623045883
10.4786379615424
9.32054160977613
10.5587266980577
6.56748075559686
10.6179136479461
8.03547591757885
8.22572082427743
4.50338812325166
7.34780443399258
4.97799538019714
7.52197040617047
7.43547359051621
5.51670604099389
7.17743274177337
11.8419310847087
6.32907589764385
7.05461316564246
12.7912030257622
9.55150089406205
11.8869864769049
9.7188503106197
9.60995660456321
15.7812394254622
7.75120588527111
16.191747179098
11.4161499266009
6.87464704506365
14.2989055258415
7.07571901972934
12.185874926641
7.16592866360577
11.0026482707275
11.9835917391404
6.14980329313508
8.61407257912773
10.2732764133612
10.7209291052117
10.1069388000699
10.6837085232169
17.0864192502187
14.3658446702034
14.7875643685506
12.5449426680017
10.9563856095625
12.7076890099592
9.89360970773569
4.30766929114454
8.6275218004817
4.70647731530598
4.6140221624615
12.235100764377
9.41262531989947
5.89302316454073
10.7923820152826
9.07909003007327
13.4651922773571
5.15108141536669
10.538947711702
14.1623030033613
5.20764557469908
9.70293252922447
10.604311163507
7.87706410792512
7.1479035973996
10.014541044241
11.0143078746379
10.071604048568
9.21051064828999
9.65662374337052
10.6457114342668
16.5032132335475
9.32344780346339
9.52646038084752
8.10198914908913
7.38137362244945
9.65592566962398
12.5187274318084
12.2255948863891
14.7895036008538
12.507882278788
9.6188232525595
9.86822128732903
8.38821771374868
6.0968529818169
10.1654259977573
7.816623908072
13.2632100873802
13.6382705837978
10.951524024975
10.4895062149427
9.90197817638123
11.3078602514819
16.2173384369557
9.68844413921609
8.43068328554702
2.90012969885491
11.6846427710848
4.62613746200986
9.75120364721682
12.7794509542672
11.582150678609
3.43644048607106
8.33340968361841
11.5568022285592
9.73671216325387
8.19567023039034
9.54286502928748
13.0121344803769
11.957279111996
9.35116255824779
10.929576278864
10.1836653248805
9.81217205339812
8.97433669965689
7.07647289870884
11.1593779826138
8.98274341485402
18.3388773801028
11.1288217601275
6.15481956830049
7.68523867866239
10.7388705864014
9.61596623312353
8.77707795377754
5.06370104774355
11.1021975676228
6.61132590042937
8.94575132491958
11.0813575295131
10.0169219473875
6.02970599227922
6.83063159281988
11.5245028321309
9.06730588557853
14.9450195334413
10.2450400696376
10.7167318456361
10.4197990286591
10.8715311015843
1.8270741774036
10.227964130487
8.92596688365285
12.6852822231223
6.28660521445225
11.9147066471293
10.051931802191
9.61935535237602
7.64524978422875
8.28127713969838
10.8632804748852
5.30281278182825
7.69244894743828
7.73025212890257
12.7844764996613
12.8043672800765
13.6210574113987
11.3665009627846
5.00680305837606
9.41787890699843
10.5891394840733
11.5644064840559
10.6823277843077
10.0646465095312
8.1933379048404
11.2293903925066
6.68100258882969
11.6670777668319
11.2259981724425
8.73451786030847
9.85438734380469
9.55058440960642
7.97473406623153
10.6683239853087
7.60923854559589
13.1220572278834
5.16958536820172
14.3357598383798
9.04884822027846
8.46701470811959
13.1224488415841
13.9025386643976
8.43036793890712
10.7840167736938
5.84057866832208
9.5776662057607
9.74383384491906
9.3533822050691
8.63798146933966
14.0924367971295
13.0886295002299
6.67162903056094
10.6809467522458
15.2164053178362
11.8543432744724
8.84410583464493
5.41970045637703
10.738010216009
7.60125830490531
11.4350020370351
13.7798546988268
8.44977617048191
5.38897522567281
11.6391386239774
12.9252367167928
10.3600845295066
8.99150190295117
15.6779539459245
5.68946886156339
5.07952707546271
10.3792976778402
5.31605576273551
15.2810846524804
9.51217642629352
14.1294155982473
4.77441561011308
10.9798247782343
9.80392397721411
7.94856992085008
1.93965568538393
8.82291843172086
11.9213041497056
10.2812695288051
4.43442897779848
14.7046500321929
14.0138559704978
12.5391563132686
5.84497028082746
8.36418467440673
9.88250282569558
9.99894922328441
10.1323255195016
10.1182112678913
9.02777976348817
13.6673388244829
6.08360531330956
11.5735417515439
6.99693526239379
7.05041383239448
12.1416175157771
11.2984917311158
9.57490541122478
10.2104575182837
12.9608774919099
8.40505559428355
10.2873029057668
13.8533962667524
11.8892612204664
8.71771493191741
6.41209893787373
11.0824008128089
10.746072984416
10.6705144810809
8.97484110059249
11.7275930130801
10.0287778979497
8.89235064525587
13.8878852395321
11.405067442298
7.17962293806115
7.63648378535988
9.76907556923033
7.37464434588431
11.2885449714193
3.62589864680665
10.1615160605864
11.1328180281797
7.34488843446994
14.5799245737445
7.11062211849351
7.14634749160262
10.8594146856344
11.1789878704659
11.8513239209204
8.11445487336486
17.7262943006014
10.3952821479627
8.80032525903653
9.14090293841243
15.9065770849642
12.1727832202848
14.3962654300277
14.4086199101401
10.3616807941106
10.563826527604
11.120898561443
11.9809198776322
9.36495360347907
7.13426886280612
11.5265035492816
7.84007364523493
8.24471727195013
9.91341767910172
5.91653644062218
8.75820597394141
12.0291509532162
8.35793093703442
10.5219492365721
5.43717881839789
6.35566420419863
11.35250533154
9.58438912110796
10.0761906453702
14.8065416132298
9.12161619961788
10.8033849557624
5.15878746149811
6.68469118025927
14.5444446035222
9.97387901039399
10.0662319549505
11.4199744783448
13.1751391657154
9.46406878780305
11.9002539531686
9.37472716259229
6.64532957138963
12.9194538985125
14.4143077578069
9.23727055804895
8.67020685661563
7.60216033008537
10.543787942069
11.8290905252234
2.35326407163138
11.6312707020247
11.4250003742761
8.51116808780316
8.97060683670098
6.59162246077812
4.41605308102499
15.0225674553686
6.09695989631795
7.14529238286834
9.51958973265288
13.7418855028538
9.24596913671075
5.54664794431258
5.67754594930187
11.4731149127398
10.5405236050408
8.24105183519271
11.0594270997685
4.4638732448796
11.6102019529796
9.61838634545109
4.2701721421098
10.451744813057
11.5943865834855
7.69919622577776
8.97223438249446
10.3908124920988
6.39214253800967
9.64630046817502
8.96821624802403
6.88148773054336
7.89828757603038
13.8537231211762
8.48090385882266
11.9547464413336
10.4220141680029
10.3660090337611
9.55642425930148
11.1028226570949
11.0805765037517
13.9054707694851
7.73594835273087
10.4869949578733
7.80519987456247
11.9274805018165
10.2450330917012
12.1592767798801
8.03181012635158
10.3107383381392
11.1671713061725
15.0017073053375
12.3598047997987
4.94003359467689
12.0336917447363
6.73547759031975
2.01082724449474
3.9151778665021
14.9711429624657
9.88734006426589
10.8838410502241
13.4723371970162
12.9940610275286
4.60582612525495
3.70704902922656
7.02725881394728
9.33237548837234
3.65269581891104
7.0268945520606
2.24105497060195
16.955207228161
18.7580200414244
11.9067351416947
7.88024841581463
11.5366091001416
10.331158310605
4.81918711916619
9.8740824467391
13.2510149488005
9.17655025167096
11.243042483153
10.7366718572863
14.646491551451
9.65167920160609
7.95546176514872
14.225741612036
7.70982546501358
14.1673288370142
13.626828423095
10.1299442592574
6.76738249855973
14.4267136728413
14.7248892393149
12.93950432631
9.16516502620529
9.36435417227529
11.2548367315544
13.1536833298683
9.71104813796002
2.14304663289522
7.86063832475788
7.45898683724049
1.67059899683403
7.32724505322686
10.985230251271
7.86754682474165
12.5911545697873
6.66825594429266
8.82093512412709
12.588798470349
9.82343824635321
5.91426986399013
11.1817176191342
6.31126915069192
10.2415607082524
9.18058247678876
5.87982031275875
8.94526649699796
7.24687171271759
8.7377624354566
5.93971569498192
9.41440310955396
11.6382035893187
13.054523335898
13.9991218079843
13.20160141966
6.47688542062403
13.2615096351405
11.0969154249723
7.15118411215083
9.34014634232942
6.7069810163603
9.28555541174821
9.31976278134774
11.2281213402133
12.9440018838291
12.0869733682225
8.61642018523082
7.65640139460905
8.79386294094705
12.0000069502436
9.16549500168633
8.34707566830894
11.8751094314902
5.50548789578586
13.9664892696256
9.59500494356641
8.73095056538697
10.7029161070025
10.60971634177
11.4687577729024
5.78400125732397
13.5264822726861
12.7967096345271
7.38736558632663
11.2158360889806
8.18410397591569
15.7196970173636
11.7753060518214
13.5317684304115
11.6451571775409
12.8240884523696
6.19479891794234
10.9981372685818
10.6537459835026
7.6151971104532
6.5052685535878
5.29820318580008
9.27870103190609
7.17590772227018
13.5267785632378
12.710837208765
11.9997402059961
11.9387657475776
13.6820872637366
8.54079848614846
7.11698294547358
9.80622364616091
7.45476814581955
14.9576260304305
13.3259736137213
7.80449276983196
12.0919441861727
15.4972179849842
12.2142904845326
16.1238565035378
9.66375448649186
12.7051779029895
13.9513359158021
11.3790503211035
5.03557622361988
7.45695768623144
12.6534638451111
13.5252059373406
8.08986261629432
5.3861319653487
11.5158572701389
12.5809077225196
5.6053255238831
12.3408088532577
9.21448177018417
2.81864220629667
8.93354648131191
7.15527065917918
9.62831108897514
7.5693438358246
10.6526175701935
12.8401307528901
3.95665230600522
8.30492403896785
15.2210060285266
9.88671635025742
6.93737185004221
9.97037100618333
8.6749522703602
16.0971699180535
8.96434794068822
14.2867338877216
9.37965488981012
12.7582066846356
12.943882698519
14.201825142098
12.368169984299
9.73655748409312
15.8208991092282
11.3394494028188
3.55485608291656
7.74025167874254
7.20902809158266
9.05671800937375
14.4008042146566
7.4131856286636
9.93393441119275
12.035857489084
5.94180029467851
13.0323523910273
16.2312005220611
9.83499258308474
6.5032011295133
9.95656871997453
8.17542011731953
7.30460029796992
8.94303570122101
8.78237463420779
5.74400447549325
8.23004481681612
10.094286401768
9.12242140552986
9.17330936935872
9.52294107171514
13.4212254934886
11.2517559485062
11.3018138323008
12.0616907232167
12.4348757413601
17.4695584051082
11.1649093064584
8.54547171976207
16.3708423103192
4.38851256772716
8.29304125982505
9.98712931619868
8.69702338964217
13.1417946844985
12.2758427440377
14.3835995676463
5.98558535034992
9.80086840120024
9.32669087090736
10.5467389355227
13.1580134435693
4.92390305091644
9.50353615420423
7.3157040801014
11.5894291471203
7.31439390648195
11.6879189365601
12.4978514376205
9.79501893464039
7.08628625385828
11.8552481388109
14.3887638557589
8.30361398376583
7.1812016730348
7.8769146439464
3.97622264715993
9.88481990422238
3.0208567757907
9.68801314910882
9.39591489853608
7.73462027307274
9.48067710635537
12.2196684823313
15.4585156474062
13.1883697462385
5.75007021694721
14.6799365480497
8.93400497115499
5.7334008198179
14.8507804342093
10.7055425948718
13.888820678426
8.23094859787127
5.64718583652331
13.4652045629846
12.6314471561181
10.8148495126444
8.68619305235609
10.9582552163777
8.27447964499171
9.77655833134085
9.97977212487757
12.6229829786727
12.4351079525732
5.55239029370807
7.35676120067523
7.85426640684612
8.59376894620854
8.15771410084997
6.5184112147658
8.18720451068428
8.43599847468045
4.21046498236389
11.434914898239
8.00550877147963
14.1725784668084
11.0025973187207
11.9667216549105
8.92567292017048
12.5331969136979
7.16057650997808
9.15446288735629
13.1943602591079
11.2741630608408
9.4130642679367
5.35351727759833
8.4020306353964
8.6075686163425
10.9096250645962
10.4648849517987
10.2667665839527
10.9573656888863
9.78212422204538
10.7168643227605
7.97958649505783
6.99939525504805
12.3032348860177
14.0916082871524
10.9403583676675
6.3445427784283
8.30213267830573
8.98971833602912
11.9747147958689
8.66803748240978
7.48603926364993
11.482633381371
11.1238076870598
4.72628957327515
13.0734466801128
6.85487100656367
8.03151086029457
8.16939336413244
7.99776994534109
8.42570594643353
9.74718415834393
9.37050805460712
8.01126369362743
13.3956888993721
8.88459845794804
9.05444652961173
11.1607514585396
4.8762286915611
12.1392973077527
11.0306976868524
4.91443834882051
13.0301410594917
8.21557120452986
10.7572758978428
6.49528448078505
8.17698049973196
14.3564485156853
8.84595338681983
13.8667640953292
9.66499702997206
16.6730121929841
14.0628012959791
5.88323647914529
7.76144479459055
7.21254981980385
11.8068336195882
6.53701883117345
10.4746926974998
13.2389708101187
8.08656670194581
8.97832281840157
11.6482931615167
9.25982810468599
6.99312906734094
14.430803568697
16.4631447564977
7.7414750496341
12.2156278603347
8.21263575396232
14.3429942571456
9.57747697518446
8.30617103838225
6.02434587240415
5.4036053253566
5.29007013646295
4.29736182192487
10.68040623547
11.114237478202
10.1248153911324
7.48442409512074
16.8262166849587
12.0436179964363
10.5177364877555
13.2667944251137
9.57435436542837
15.2530977717211
13.2218618619681
12.946153258681
5.82305028123715
11.9419795833834
12.0672998745388
6.23702531055848
13.5248172611932
8.28888385955651
6.40182620931997
5.20357150097026
12.4949858060391
6.95658997485251
11.0937381590547
12.3575978448583
15.63339044224
14.9636922655895
11.5253554850366
5.47382944788249
9.79098813619965
9.4764677516068
8.31023964981261
13.8760404643932
8.6687175071796
4.54725555465456
12.0234954370547
9.78363567558813
12.8372816665437
11.9599310025818
8.78121079075644
8.43461133393452
8.32228385563193
11.672397588334
6.79966827883019
6.84215141547544
9.94888468600553
13.0701036020051
6.451052664084
9.70927709794225
7.84274713126135
9.28716208230959
13.9225639440786
9.85914373432748
12.5557559774591
8.40856689181903
6.32333839789811
7.5642933094165
13.0702680421194
7.9602535419602
13.6440289255953
7.43647963851818
11.8421169627574
10.1962680213992
7.17539057280464
5.523228878392
9.69637802963137
8.21373184783874
9.25736437161215
13.1303599943738
9.25748334317469
11.9295308729956
11.5167843576638
10.9842966672396
7.62962049947681
7.63871621990215
12.3307364519091
8.34075553566753
8.21008361224913
17.3476073532933
9.128320245178
9.08678586483859
10.7438289150864
11.0432642056046
8.33028240490093
8.54101929823469
5.28946251105164
12.2792337624818
4.39332431311733
12.3362515914822
11.6895846890226
12.6665258657404
9.42147483607166
6.03260172589767
8.65022207024669
9.50082877182875
14.9951055540308
6.61652198163945
11.3877041957304
8.53611891618335
12.5730406539207
9.92428990694491
4.82486290129046
13.0365875728256
9.07828137862253
12.6595487735354
15.4512283011105
11.956257289375
15.9471174960026
13.3705817786799
7.21249380956123
17.6264390969192
12.8716128934303
14.5495716025116
9.80055768580742
11.1375362370905
13.7362100251484
5.87461123209219
16.9993813363667
10.4955778860869
13.0212435354674
8.46404676744542
10.8312445875865
10.1846344399627
8.35140170658737
8.98305590456138
11.7184648309029
9.68505749859944
12.3187804439343
7.99836895406488
8.72417903346308
11.5253911779557
7.26303572130508
11.3341912165465
9.07380063734585
7.09618014245612
7.32889098001487
6.5664810963852
10.5477289396551
11.6004679122628
13.9498665873994
4.00708426297696
7.04937617714415
12.2514959444719
6.86967732037461
15.9287706725795
9.91675287018118
18.3840576591618
